 0538497815
0538497815
0538497815
0538497815
0538497815
0538497815
0538497815
0538497815
0538497815
0538497815
0538497815
0538497815
0538497815
0538497815
0538497815
0538497815
0538497815
0538497815
0538497815
0538497815
0538497815
0538497815
0538497815
0538497815
0140430725
0140430725
0140430725
0140430725
0140430725
0140430725
0140430725
0140430725
0140430725
0140430725
0140430725
0140430725
0140430725

0140430725
0140430725
0140430725
0140430725
0140430725
0140430725
0140430725
0140430725
0140430725
0140430725
0140430725
0140430725
0140430725
0140430725
0140430725
0140430725
0140430725
0140430725
0140430725
0140430725
0140430725
0140430725
0140430725
0140430725
0140430725
0140430725
0140430725
140430725
0140430725
0140430725
0140430725
0140430725
0140430725
0140430725
0140430725
0140430725
0140430725
0140430725
0140430725
0140430725
0140430725
0140430725
0140430725
0140430725
0140430725
0140430725
0140430725
0140430725
0140430725
0140430725
0140430725
0140430725
0140430725
0140430725
0140430725
0140430725
0140430725
0140430725
0140430725
0140430725
0140430725
0140430725
0140430725
0140430725
0140430725
0140430725
0140430725
0140430725
0140430725
0140430725
0140430725
0140430725
0140430725
0140430725
0140430725
0140430725
0140430725
0140430725
0140430725
0140430725
0140430725
0140430725
0140430725
0140430725
0140430725
0140430725
0140430725
0140430725
0140430725
0140430725
0140430725
0140430725
0140430725
0140430725
0140430725
0140430725
0140430725
0140430725
0140430725
0140430725
0140430725
0140430725
0140430725
0140430725
0140430725
0140430725
0140430725
0140430725
0140430725
0140430725
0140430725
0140430725
0140430725
0140430725
0140430725
0140430725
0140430725
0538497815
0140430725
0140430725
0140430725
0140430725
0538497815
0538497815
0538497815
0538497815
0538497815
0538497815
0538497815
0140430725
0140430725
0140430725
0140430725
0140430725
0140430725
0140430725
0140430725
0140430725
0140430725
0140430725
0140430725
0140430725
0140430725
0140430725
0140430725
0140430725
0140430725
0140430725
0140430725
0140430725
0140430725
0140430725
0140430725
0140430725
0140430725
0140430725
0140430725
0140430725
0140430725
0140430725
0140430725
0140430725
0140430725
0140430725
0140430725
0140430725
0140430725
0140430725
0140430725
0140430725
0140430725
0140430725
